19762 0 17620
16295 0 17212
3758 0 9409
3277 0 8336
7851 0 12299
12832 0 17855
9208 0 24592
17654 0 8017
8801 0 1933
17654 0 1688
22575 0 7986
13734 0 10338
2353 0 15635
18053 0 4406
7995 0 6527
9919 0 10718
18961 0 20437
13358 0 17223
22092 0 13478
14360 0 5428
20119 0 9870
20662 0 14155
9983 0 12388
12947 0 15198
18267 0 20553
17654 0 6333
11400 0 7949
7249 0 18154
22857 0 13111
9474 0 7505
14589 0 7005
18053 0 4069
7995 0 20484
2982 0 13478
15873 0 23335
11757 0 16012
16289 0 20484
8801 0 24589
22200 0 7265
3692 0 18917
11947 0 15701
24637 0 23850
9563 0 8371
17726 0 4835
11531 0 22808
14117 2 19121
8670 0 17933
14290 0 677
12832 0 8762
18498 0 21007
20072 0 4406
11786 0 9362
15372 0 21084
9103 0 10727
18053 0 10503
18188 0 14454
18669 0 3717
16689 0 18664
16318 0 14143
19843 2 5244
5246 0 24592
2477 0 13624
9936 0 5923
7699 0 5923
20280 0 13637
9208 0 8764
6172 0 6938
8421 0 23702
14066 0 22808
24005 0 3534
7851 0 14558
8932 0 15892
17485 0 4406
13827 0 23883
5485 0 16012
15548 0 9419
1818 0 12626
6683 0 9581
16318 0 16461
22093 0 10548
19762 0 7068
15873 0 10369
22200 0 4212
9983 0 17272
15464 0 14064
11531 0 15669
2808 2 16655
12947 0 15050
4304 0 14064
18617 0 24023
11400 0 23596
4219 0 14201
18187 2 7986
5102 0 556
6538 0 11345
18626 0 4835
1007 0 22808
10732 0 12871
22614 0 1169
23428 0 5244
21191 0 11908
20871 2 5923
24686 0 23256
14884 0 9812
24615 0 13286
23855 0 5705
4111 0 23318
16817 0 1594
22405 2 5923
21498 2 5705
11831 0 23850
10411 0 16012
4547 0 7785
10482 0 17581
912 0 12575
10063 0 22253
17654 0 23433
1251 0 487
1135 2 1734
11625 0 6749
8159 0 19625
2151 0 21584
1214 2 14064
8159 0 12871
16054 0 18664
5246 0 2636
24399 0 3078
8569 0 23963
1955 0 8947
268 2 13671
8801 0 8017
4867 0 17223
22093 0 14064
11479 0 12575
8670 0 5211
1818 0 1361
13736 0 2193
22148 2 2070
22093 0 5284
22148 2 15050
22092 0 14454
7957 0 23883
3597 0 13083
15464 0 8947
8801 0 10258
2697 0 15892
5272 0 12299
14410 0 1054
15408 0 12245
5019 0 12015
9936 0 19277
21367 0 3556
7199 0 12299
15777 0 5284
20280 0 14064
2664 0 9362
12492 2 16608
3597 0 8359
10397 0 14558
19620 0 10260
24399 0 16433
1937 2 10030
6266 0 10472
14624 0 483
14410 0 3078
15910 0 1688
13943 0 11345
23167 0 16608
18382 0 11345
5946 0 8185
13074 2 12871
14231 0 3380
9454 0 5244
8421 0 18563
16689 0 13977
14117 2 8779
14290 0 24601
4111 0 7044
6593 0 12299
2846 0 14064
17938 0 13475
4277 0 22808
19387 0 12626
3545 0 8371
20398 2 2976
1855 0 10338
20280 0 7044
1855 0 17428
14624 0 799
4111 0 9419
4662 0 10260
9563 0 746
12880 0 5742
15548 0 17141
21834 0 13475
21674 0 1361
17654 0 12871
7324 0 24481
18187 0 4709
19762 0 20553
12832 0 16495
21350 0 12678
7957 0 14064
24066 0 7785
4111 0 11740
11846 0 2636
12016 0 2996
16831 0 13977
1818 0 2241
24399 0 19443
16156 0 15900
9936 0 19755
23308 2 24023
12848 0 14191
15910 0 4406
8670 0 13292
23308 2 6409
11604 0 17778
7188 0 11952
6913 0 14521
10063 0 12299
14279 2 5244
6335 0 23883
9104 0 9409
18152 0 3380
5246 0 15050
6266 0 16306
20662 0 3916
9103 0 22808
14170 0 14454
17654 0 483
16964 0 23883
4277 0 7785
15739 0 8728
9936 0 7784
18930 0 13977
1515 0 13475
24066 0 14623
13834 2 8947
12278 0 515
15739 2 556
24304 0 15669
19840 0 3318
14624 0 15523
10303 0 579
8148 0 8813
14154 2 8500
22092 0 1038
19762 0 2983
17560 0 15982
4111 0 18165
1932 0 16461
14290 0 17428
133 0 22808
2151 0 7986
8148 0 19277
1818 0 11908
7995 0 13422
14624 0 23865
10482 0 9785
24399 0 20484
9103 0 2675
15202 0 13475
14231 0 2971
23102 0 24589
5156 0 3282
6335 0 5211
23100 0 20708
19762 2 1734
5246 0 13111
10000 2 114
11271 0 18917
4111 0 2996
2982 0 4784
15873 0 13475
21096 0 13637
16247 0 17428
2151 0 19571
9895 0 9409
3218 0 18454
24066 0 21007
15910 0 21888
4277 0 17921
5246 0 4015
11786 0 7044
8078 0 7785
1984 0 23256
21237 0 10519
11535 0 5115
18187 0 16176
23583 0 14064
18187 0 18454
15064 0 19121
21578 0 22253
11036 0 14454
5766 0 13682
12947 0 601
11694 0 17272
3277 0 2813
509 2 11908
7292 0 15523
9716 0 949
2477 0 14454
23873 0 5923
7699 0 10030
2264 0 17141
7464 0 4946
7995 0 10097
9429 0 5244
15873 0 22427
14410 0 20484
24677 0 14912
18168 0 23963
10588 0 15216
6882 0 7300
21818 0 13637
19762 0 20970
9103 0 5591
11753 0 22808
1855 0 2592
18498 0 1633
22614 0 18006
18943 0 14064
14154 0 5678
2809 0 12299
22200 0 14897
19762 0 20824
13050 0 2166
11282 0 677
17315 0 5211
17323 0 7226
23873 0 19792
1346 0 5244
11271 0 17620
12049 2 17020
10867 0 13083
5876 0 17428
11625 0 15635
3421 0 14454
14624 0 18664
9063 2 22808
7199 0 12224
2264 0 13286
18439 0 22253
17315 0 22808
9104 0 16012
23558 0 6416
6074 2 8426
18382 0 14454
21306 0 23883
1818 0 23318
8670 0 23963
2898 0 498
6172 2 1734
1855 0 677
4219 0 10548
13813 2 23256
18669 0 10260
12810 0 12299
8801 0 5244
19461 0 14454
10063 0 6803
24304 0 13604
11400 0 7986
20871 2 15669
16987 0 4835
13580 2 20437
2264 0 20987
5876 0 7971
4188 0 21084
12016 2 5244
8432 0 23883
18109 0 3428
6074 2 20987
12453 0 24601
4912 0 23963
7851 0 15060
3597 0 23318
3520 2 9409
23198 0 1354
9556 0 15473
22575 0 18154
2808 0 18371
14884 0 20704
19840 0 20704
23004 0 12871
811 0 20987
10998 0 3768
7611 0 20832
22235 0 19493
6957 0 16012
23167 0 6333
4360 0 15900
10588 0 23850
14290 2 5332
24066 2 14143
9208 0 6333
7995 0 6333
18961 2 5332
12661 0 12299
22614 0 7785
16289 0 6333
16987 0 21602
4219 0 21616
4536 0 15463
6140 2 12299
11522 2 9522
12947 0 3769
9429 0 1688
4219 0 7226
15747 0 13201
14231 0 15992
488 0 3428
21004 0 6416
18109 0 10206
8063 0 17272
3755 0 8610
18439 0 5244
21818 0 14454
4558 0 9419
19048 0 19255
10732 0 5923
12211 2 5244
22093 0 5259
19018 0 4406
18267 0 8574
7249 0 23596
7995 0 21061
2980 0 9409
7464 0 22808
2980 0 14269
4111 0 2702
17798 0 9409
2264 0 15216
16919 0 24238
23022 0 5332
10956 0 10519
23308 2 16350
5702 0 9260
1855 0 11461
20237 0 18664
8801 0 7704
5770 0 7785
3755 0 19755
8932 0 23865
3906 0 10718
5307 0 1244
18498 0 7686
1135 0 10694
9429 0 22808
3433 0 17224
7437 0 9409
18439 0 10097
10518 0 14897
10908 0 11153
7865 0 22808
4314 0 2700
4850 0 10030
14198 2 18664
4799 0 5705
5876 0 7326
13358 0 7441
22034 0 6138
13834 2 22253
13363 0 556
18187 0 15216
3072 0 7441
2935 0 1688
10834 2 14454
14154 0 12177
10155 0 10097
24399 0 20708
4360 0 22808
9789 0 8185
23046 0 24188
2151 0 18710
8195 0 16433
4360 0 22253
6349 0 21338
6493 0 9120
16156 0 23850
24067 0 4406
9454 0 23573
24399 0 10694
2620 0 15198
14884 0 6416
19195 0 6546
4111 0 8255
2151 0 7068
9563 0 18664
24399 0 6894
12167 0 15208
12016 0 17212
5876 0 7638
1818 0 20553
15739 2 14064
7437 0 8228
2808 0 22263
18998 0 7044
3421 0 23850
11604 0 22808
10303 0 7677
16550 0 18073
2151 0 16572
7851 0 23883
6798 0 20832
19425 0 13111
18043 0 10961
5876 0 24238
18498 0 20704
8421 0 824
20398 0 7044
16853 0 14454
5676 0 22990
11261 2 14454
12832 0 16746
20843 0 5244
17654 0 11314
13328 2 22891
22438 0 23883
14066 0 18154
7851 0 6333
8801 0 2166
1515 0 2636
6266 0 9870
9454 2 11908
18498 0 12871
11846 0 22808
5605 0 12299
17654 0 2827
1818 0 5244
10029 0 7265
1007 0 20553
15202 0 5923
14182 0 15050
6266 0 17141
20280 0 5244
10000 2 1594
4360 0 8574
15873 0 5115
12016 0 6527
11433 0 7441
10085 2 14201
186 0 12299
10588 0 4069
6994 2 23631
12016 0 5244
1404 0 23963
2982 0 15669
11846 0 13475
2327 0 7642
6335 0 24601
9295 0 13482
8670 0 5115
13736 0 21888
24304 0 15050
24067 0 5211
4850 0 12388
9208 0 6470
7199 0 22808
22093 0 5629
12720 0 16193
21225 0 12299
14589 0 13286
7188 0 23883
4454 0 5629
22092 0 5211
2846 0 9581
18498 0 16569
8421 0 12018
17944 0 19940
12747 0 22808
8420 0 10097
15064 0 3078
15250 0 5284
7957 0 23256
2477 0 3051
12453 2 11265
22658 0 8728
3520 0 23883
2885 0 6407
11753 0 5284
1855 0 6973
14005 0 21007
11522 0 3769
5232 0 10260
15910 0 483
11643 2 5244
14534 0 12299
7995 0 2241
6715 0 9812
22575 0 20110
18187 0 13977
7249 0 4455
1178 0 5705
15569 0 14454
23167 0 12299
6593 0 7441
20330 0 2983
4912 0 8185
22034 0 22808
12832 0 17933
11271 0 23318
1855 0 5211
24399 0 24592
13743 0 21616
4219 0 1361
7699 0 1534
7995 0 14454
7687 0 500
4240 0 10519
3758 0 14269
19145 0 15937
5347 0 6938
9208 0 2636
19762 0 5211
11400 0 13604
558 0 16867
18498 0 10369
19048 0 10727
4563 0 18664
12016 0 14899
7699 0 13682
20878 0 10472
5035 0 23832
23167 0 2983
21096 0 17212
6715 0 5923
4454 0 13083
23873 2 18144
10063 0 13083
18146 0 22427
8670 0 1688
12278 2 5332
7687 0 6433
7699 0 16733
14753 0 17438
4219 0 16433
20280 0 13478
10981 0 1347
22034 0 23596
2264 0 22103
7851 0 2983
8801 0 12322
4188 0 14064
15408 0 23133
16866 0 20684
6266 0 13475
9563 0 10097
14152 0 14454
6882 0 8426
21278 0 18710
5946 0 5200
11230 2 556
1214 2 15669
23198 0 9511
22513 0 556
11531 0 8864
9208 0 6384
15364 0 1688
2808 0 15892
24677 0 10097
24158 0 23631
159 0 12857
11694 0 18917
5347 0 556
11271 0 11379
8670 0 10519
18998 0 19755
13994 2 5211
13813 2 6527
12016 0 7102
7851 0 19121
4219 0 5211
24304 0 23256
13994 2 8426
6683 0 22808
13328 0 23726
11753 2 5244
14282 0 4406
1778 0 10694
17315 0 556
13813 2 20824
8159 0 19541
4219 0 5923
14066 0 1060
4219 0 22808
14066 0 12299
21611 0 6044
8148 0 5155
2151 0 21888
17315 0 10472
8159 0 6527
18379 0 14064
9895 0 3594
9563 0 4709
10063 0 10354
2545 0 24481
11394 0 3428
7851 0 23832
285 0 23865
2677 2 23832
6082 0 23883
10908 0 14454
2846 0 556
5082 0 2158
4111 0 18054
13734 0 5211
6683 0 12015
5876 0 18052
21278 0 17995
11995 0 24606
8148 0 6407
23312 0 8185
23308 2 10835
14589 0 15044
17315 0 13083
22393 0 4956
4219 0 23883
18669 0 23631
8670 0 24288
6983 0 17223
5876 0 17620
24573 2 10534
1855 0 15669
2821 0 11257
17938 0 23963
4360 0 5200
6335 0 14201
12016 2 4381
1855 0 10694
7059 2 556
22093 0 4923
2808 0 1594
15064 0 19820
11008 2 2827
1135 0 6938
14154 0 16608
7687 0 13225
5367 0 10607
4850 0 17272
7864 0 5200
8670 0 15198
13328 0 8500
2151 0 17620
15739 2 15669
19363 0 19792
11271 0 5259
13698 0 1594
11271 0 10607
23305 0 9409
5876 0 6409
19195 0 23573
11816 0 23963
22614 0 6333
9208 0 2827
19620 0 14064
16987 0 7642
13698 0 5284
18267 0 10260
5347 0 13475
11753 2 1169
14290 0 5211
20808 0 5595
18498 0 10260
18565 2 22808
11675 0 12299
3692 0 17272
8801 0 22427
13743 0 7117
17772 0 24603
18187 0 2193
1855 0 5923
22857 2 1169
23411 0 22808
15078 0 3428
2664 0 13083
15910 0 8228
15364 0 483
4111 0 10260
17952 0 14201
2151 0 16806
18187 0 7785
10654 0 16608
11846 0 10260
11947 0 2364
19425 0 10097
2955 0 14897
20334 0 9362
12832 0 18054
544 2 23883
5246 0 7784
19762 0 15669
15460 0 18664
3058 2 5115
21818 0 23883
24586 0 10896
2841 0 16461
8074 0 15635
8801 0 23596
509 2 5244
14182 0 23883
2664 0 1153
22575 0 18917
6064 2 20824
17772 0 12299
8309 0 1633
10981 0 3078
18382 0 23963
21578 0 20708
19840 0 13967
20871 2 6938
18669 0 4709
6536 0 22808
16208 0 8185
8245 0 11848
8801 0 114
3361 0 18917
9103 0 18882
9718 0 10260
5915 0 23256
14066 0 18664
11282 0 1169
13199 0 18664
18379 0 13083
11271 0 4835
13358 0 12299
13743 0 23883
1515 0 7265
22200 0 22808
16318 0 12807
7687 0 8017
7851 0 20437
14589 0 13013
18659 0 24592
9063 2 14064
21127 0 8658
11531 0 12299
7199 0 23963
18669 0 1688
1515 0 8947
4706 0 8371
11156 0 4406
14589 0 20246
19100 0 10835
17654 0 4212
22575 0 14064
19387 0 13482
5770 0 12299
23305 0 15148
17728 0 10503
16962 0 1594
22405 2 6938
16208 0 12299
9936 0 13085
6349 0 10260
14231 0 7117
2151 0 5284
7767 0 1361
13580 2 14454
15064 0 8426
8063 0 23319
7239 0 18169
18498 0 19541
5876 0 24601
6266 0 10292
7957 0 20110
9208 0 8151
11604 0 10260
22093 0 11952
9454 0 7044
24586 0 4212
24066 0 226
5876 0 677
15910 0 4923
16751 0 8500
12832 0 17465
22004 0 12018
3277 0 9409
12211 0 20928
5082 0 18917
23530 0 13478
6172 0 7117
22034 0 16608
24066 0 16176
12016 0 16895
133 2 5244
8165 2 14201
7699 0 13604
4454 0 14064
1214 2 19621
12016 0 10858
24304 0 5923
24206 2 10292
4655 0 7441
11643 0 12299
8801 0 15216
1855 0 24601
10063 0 8947
23312 0 746
23583 2 23883
2151 0 1534
2161 0 4406
12720 0 6938
10000 2 21061
13029 0 8185
713 0 601
11831 0 7986
6243 0 8426
4454 0 2705
18382 0 10206
1855 0 9419
1135 0 5211
14282 0 13475
24686 0 11034
23530 0 5244
5246 0 5211
6828 2 5244
8873 0 2813
23558 0 22253
2477 0 9511
4089 0 5244
14479 0 15240
5347 0 23832
1283 0 2973
4814 0 12709
14066 0 18073
8165 2 10694
16247 0 19749
18146 0 21233
23305 0 14269
4240 0 22986
10588 0 16306
2151 0 13292
17944 0 1633
4745 0 10718
12162 0 16193
21191 0 8909
5876 0 21084
14290 0 23526
2264 0 7117
8195 0 24592
22614 0 5705
3433 0 11905
1484 0 8017
15324 0 8426
7851 0 15129
18609 0 19541
13551 0 23865
23855 0 8185
3788 0 8610
24677 0 10694
22092 0 6433
19840 2 3318
17654 0 8228
13243 0 11174
23312 0 12299
12211 0 700
1283 0 5910
16831 0 22253
13943 0 5807
14066 0 23865
23873 0 23256
19762 0 23631
23308 2 17428
17944 0 10105
20871 2 2983
24399 0 5923
6593 0 8711
1855 0 249
1855 0 15523
8074 0 13083
24399 0 6803
1984 0 16971
7687 0 8255
15873 0 5211
14884 0 2487
22134 2 5244
5876 0 10858
5876 0 5923
1818 0 14454
15950 0 601
614 0 17933
12453 0 4212
4172 0 7310
11753 2 18154
10908 0 8538
17107 0 8017
9718 0 4406
2151 0 7971
7957 0 5923
19145 0 24527
16394 0 1633
14502 0 24542
5876 0 15
9474 0 5244
13358 0 5705
10409 2 22808
9063 0 22993
4277 0 10260
12748 0 5211
11757 0 11952
4219 0 7117
11282 0 8728
23102 0 6938
21818 0 9870
23558 0 9511
3253 0 24592
1818 0 4075
2151 0 18454
4536 0 16176
16919 0 6883
8225 2 3594
9895 0 15148
7851 0 14454
3139 0 1361
9895 0 14269
10625 0 10519
5875 0 12299
24399 2 3318
3472 0 18664
8245 0 12299
4912 0 2487
3806 0 5200
11261 2 23850
15308 0 11174
5876 0 24023
17952 0 2547
5432 0 11174
13994 2 15523
1135 0 15669
15950 0 10519
15910 0 5259
4799 0 1169
9804 0 6407
22804 0 20553
11995 0 20553
4536 0 17020
18267 0 17778
24399 0 5211
14290 0 16193
6828 2 16193
11690 0 10260
24066 0 13977
7687 0 21672
19840 0 16012
11271 0 3980
1135 0 9409
22857 0 8947
18235 2 21957
24712 0 7044
20334 0 13624
9063 0 4165
14534 0 15669
12947 0 483
17501 0 19277
5246 0 8426
8421 0 12228
8668 0 8728
6798 0 12299
21579 0 601
20871 2 1734
8148 0 15095
2477 0 15
19 0 7785
23305 0 1221
21818 2 22964
14154 0 5421
3361 0 22263
4219 0 8426
5946 0 17223
4536 0 23256
12598 0 22808
7249 0 7986
13341 0 15363
1855 0 14201
3932 0 22160
21191 0 7044
24199 0 2984
5876 0 10369
9454 0 6527
5946 0 7785
23873 0 19625
9208 0 6803
10000 2 18664
7851 2 23883
12810 0 5923
1135 0 6409
23873 0 22808
5875 0 20983
22034 0 20824
13827 0 15999
7687 0 24023
7995 0 17917
13827 0 21084
13827 0 7265
20878 0 15269
10660 2 8017
2620 0 3769
6172 0 20824
10063 0 11952
5246 0 677
1178 0 6407
6266 0 17428
22134 2 1688
22614 0 14143
11036 0 11952
6715 0 8947
5718 2 14064
21278 0 5115
21169 0 14331
10155 0 13111
6643 0 3093
1729 0 3078
12211 0 16433
2620 0 249
5082 0 4835
5876 0 17224
11837 2 5244
5246 0 2070
6358 2 10260
18498 0 8185
3581 2 3093
20662 0 9870
19840 0 10354
17654 0 9409
4111 0 14454
14360 0 15669
16689 0 23256
11604 0 6333
23583 0 21354
14624 0 114
6747 2 5289
510 0 23883
17560 0 5244
5102 0 9260
7851 0 5244
6994 2 18144
24586 2 11265
18498 0 7488
10000 2 23865
16853 0 21137
18382 0 7044
2982 0 22808
5876 0 5211
10085 2 5211
11604 0 18917
1818 0 20600
6479 0 23631
1818 0 6894
8420 0 23850
10508 0 13848
17772 0 9409
8801 0 21301
14290 0 10694
1818 0 22973
5102 0 13475
19425 0 9812
5876 0 23318
18568 0 5923
15548 0 21137
19762 0 10694
5876 0 15523
18961 0 13083
4536 0 13977
4219 0 14454
3520 0 14201
8670 0 5629
15548 0 11485
22478 0 4069
7851 0 10858
19762 0 10548
10844 0 22808
18110 0 14064
6715 0 14064
8159 0 5211
2742 0 14201
1855 0 10369
2980 0 15148
7995 0 8151
12754 0 3380
7687 0 20708
3463 2 11505
24066 0 8185
8165 2 6527
22148 2 3769
5718 2 23832
2264 0 13577
5876 0 5848
14360 0 16356
15464 0 5332
24677 0 10519
7957 0 1534
1404 0 14454
10588 0 7986
11036 2 22419
5485 0 24288
17485 0 21888
2982 0 1169
2841 0 11174
3932 2 14454
8932 0 6426
11400 0 20600
16247 0 13475
16156 0 14454
7995 0 8426
5035 0 23963
20072 0 10503
5246 0 14201
7995 0 13111
12947 0 20708
14085 0 22808
10155 0 8151
9474 0 8336
11625 0 12299
5876 0 15473
20749 0 5705
10997 0 2984
5246 0 15743
2860 0 10097
6052 0 3282
3660 0 1379
11400 0 3598
6349 0 22808
5307 0 17141
6994 2 14155
11643 0 22808
4219 0 13604
7687 0 23256
4111 2 12390
19840 0 23963
3361 0 9419
1251 0 5289
23411 0 4835
16894 0 12462
3758 0 15148
24573 2 556
12720 0 22713
3755 0 10102
4219 0 24592
6052 0 8711
15569 0 2813
6983 0 13570
5347 0 2534
4799 0 226
22614 0 7226
22093 0 5332
15372 0 10260
24677 0 18882
19762 0 7074
6913 0 17212
6683 0 556
4454 0 23883
20334 0 9409
20334 0 14454
12947 0 10519
23428 0 7044
14566 0 17020
10155 0 17917
5485 0 17272
7249 0 3598
11816 0 10157
23167 0 20484
4111 0 19665
14525 2 18144
23308 2 14558
23102 0 8426
18192 0 6021
7851 0 24619
159 2 5244
4219 0 23195
18226 0 18990
7851 0 16427
12947 0 20390
1818 0 22808
24573 2 23832
16161 0 10206
21183 0 3428
2151 0 5705
18267 0 20708
7188 0 14454
17398 0 21084
10996 0 5923
19077 0 3594
11831 0 17744
8932 0 8728
5367 0 17141
7851 0 23963
17654 0 17642
24399 0 15669
14933 0 14064
21169 0 556
7437 0 10718
22200 0 10097
9029 0 18917
7199 0 15669
9563 0 15669
4536 0 15892
24677 0 20437
12848 0 8500
8670 0 19410
12016 0 14521
19195 0 1844
14282 0 17428
4111 0 5244
12453 0 10896
14066 0 960
7687 0 11848
23167 0 7300
7687 0 15148
4629 0 4069
16161 0 5289
13813 2 5211
18998 0 8228
10732 0 15669
17107 0 10260
24677 0 515
7611 0 9419
4799 0 6231
2264 0 12448
17944 0 22825
22194 0 14064
9063 0 15669
18828 2 19493
6593 0 4709
12748 0 24601
7199 0 22253
22981 0 556
3545 0 746
8063 0 4075
17004 0 20653
13994 2 17224
11522 0 7226
6074 2 15743
15064 0 1223
8063 0 7986
24399 0 14201
11753 2 7986
4277 0 8426
16853 0 23883
11271 0 20600
11947 0 3089
8420 0 5284
4219 0 15669
23873 0 10260
7914 0 4406
5876 0 9362
4219 0 677
14290 0 5332
6471 0 5244
12810 0 15669
11947 0 11343
22438 0 22103
8420 0 1594
11036 0 9409
24586 0 10292
6747 0 20540
7957 0 9362
3139 0 3428
22981 0 13475
19840 0 4632
15569 0 6527
19762 0 19493
8344 0 14064
20283 0 5244
19762 0 6409
4867 0 7684
231 0 9812
12445 0 8017
17325 0 14454
7851 0 23786
2151 0 12245
4111 0 10727
19008 0 22808
5238 0 17951
18498 0 12864
4785 0 20684
13827 0 12299
6140 2 18144
4219 0 3078
14624 0 9812
23312 0 1379
6650 0 7441
21877 2 6416
10908 0 1361
17089 0 14064
17610 0 13642
4662 0 15999
4277 0 1594
2477 0 10858
11522 0 8426
2955 0 15892
4547 0 12299
2753 2 20553
9936 0 22808
7687 0 21434
18669 0 18855
9103 0 11153
14279 0 15050
8932 0 21061
13721 0 17465
19762 0 10607
24304 0 22400
6643 0 24023
22004 0 11174
9919 0 13682
4629 0 22808
8074 0 17465
16156 0 11952
12810 0 20238
2522 0 15148
6266 0 2636
23809 0 3428
3139 0 8538
5876 0 10338
19425 0 3282
8074 0 15129
6082 0 21166
4111 0 16895
3654 0 23883
23583 2 23832
488 0 10835
11036 0 13848
2243 0 1594
18998 0 13478
23428 0 22808
5102 0 5923
6747 0 8017
23312 0 10260
23583 0 24619
6643 0 14454
15517 0 4579
5205 0 12299
4240 0 7678
16987 0 2534
8801 0 18144
22438 0 22419
1135 0 21084
926 0 8947
7851 0 5332
4629 0 19493
7687 0 799
24399 2 6333
17427 0 4736
17627 0 18664
15064 0 1379
2596 0 12299
10725 0 12299
22129 2 22419
18498 0 20983
7957 0 12299
4814 0 7784
9462 0 20704
2151 0 5259
13994 2 14201
4111 0 21007
24399 0 15523
6172 0 15669
14290 0 24296
17944 0 5705
7264 0 6375
22092 0 10718
24067 0 15523
7437 0 16433
17247 0 3282
12779 0 677
4912 0 4835
11361 0 16193
14444 0 24601
23167 0 23318
21884 2 23133
15569 0 9373
23308 2 5211
8148 0 23883
18331 2 8124
4360 0 10260
10411 0 22808
11604 0 10548
488 0 9025
14182 0 24601
9929 0 23883
5876 0 6938
2264 0 18917
7199 0 24188
23308 2 24601
7995 0 6938
19762 0 3380
4229 0 22808
19762 0 7704
17838 0 22322
20398 0 2976
7865 2 7499
21795 0 7068
4454 0 5649
19048 0 6416
18727 0 23883
1818 0 23883
1855 2 6333
18694 0 5115
2898 0 20621
2151 0 15216
18053 0 9772
19363 0 23256
22405 2 12299
20334 0 21445
9208 0 7300
22200 0 12575
17089 0 23865
17315 0 11153
23198 0 8574
9563 0 4835
19407 0 17522
22222 0 7265
1855 0 4212
7687 0 23865
23873 0 12299
7813 0 12299
18192 0 5244
9929 0 21616
18498 0 7785
2151 0 17223
14360 0 12140
10732 2 4709
5082 0 22808
20119 0 22808
10063 0 10260
4111 0 84
21834 0 5923
23167 0 19686
7699 0 7785
4111 0 23850
8801 0 23631
2808 0 11345
4111 0 1688
8932 0 17020
18756 0 15463
9463 0 22808
14290 0 15743
4912 0 10260
6715 0 556
23873 0 4835
20871 2 6409
7957 0 14961
23530 0 13232
17838 0 16426
17398 0 8185
8775 0 2636
11755 2 23865
6052 0 5705
6747 0 13977
11271 0 5332
22200 0 13977
17315 0 22253
6715 0 22808
22408 0 3916
2151 0 20970
8668 0 12299
20334 0 24288
22804 0 13637
10000 2 22427
614 0 11573
16894 0 6894
6300 0 10260
10016 0 11249
2477 0 24023
2697 0 3003
24399 0 8426
10411 0 23883
6650 0 1169
19762 0 5705
6064 2 18144
14360 0 5779
16208 0 17951
2808 0 18454
15873 0 8426
14707 0 1633
18828 2 21957
6933 0 4521
12167 0 15635
17456 2 3428
18267 0 22808
21611 0 8500
17838 0 19792
14290 0 556
9208 0 13111
20334 0 8538
7687 0 1991
8063 0 5629
24005 0 20246
18669 0 13637
14360 0 7537
8283 0 13083
22857 0 1354
4558 0 17141
8201 0 8185
7699 0 556
488 0 3093
17521 0 12299
17323 0 11952
24399 0 23195
21578 0 22808
7249 0 8947
1214 2 4069
15408 0 23631
14360 0 24601
8670 0 16012
8283 0 2813
18043 0 2820
22575 0 14143
5347 0 17886
24005 0 8947
16258 0 14897
22623 0 17223
6335 0 15669
11975 0 6564
14282 0 10260
5757 0 18917
11282 0 1379
14290 0 5923
18379 0 10548
22380 0 17272
6828 2 5923
23873 0 21084
22034 0 10260
9208 0 10097
10996 0 556
1778 0 7971
7687 0 14064
12832 0 16036
18053 0 1594
12810 0 21354
17772 0 18144
11531 0 5923
22200 0 776
17654 0 6407
1404 0 24023
23308 2 9870
21183 0 5289
13184 0 14912
24677 0 5923
5946 0 5705
2151 0 18154
23681 0 10097
5156 0 8947
8670 0 23195
4314 0 16931
12832 0 1153
7464 0 10052
9462 0 14064
6335 0 15050
10029 0 12733
6479 0 7117
22757 0 22808
9716 0 14064
6266 0 3151
7437 0 6527
12947 0 23832
2982 0 2166
21818 0 23963
11846 0 1169
12779 0 4784
5347 0 10534
2151 0 4579
5875 0 20704
7851 0 19755
2861 2 14454
7249 0 5115
4454 0 23318
2808 0 14064
9462 0 10260
17654 0 10260
11604 0 7642
3788 2 7044
12810 0 14201
7611 0 2592
13813 2 19625
8063 0 16495
12211 0 18121
23428 2 5244
1729 0 18917
22405 2 10519
1818 0 13286
14290 0 22713
12947 0 14201
4111 0 17778
18707 0 5627
14360 0 19277
5246 0 1064
12779 0 10472
4111 0 3380
1855 0 8426
4111 0 22536
11786 0 24601
5246 0 3769
23583 2 23963
14933 0 7785
2955 0 18664
13358 0 8017
23312 0 5705
20280 0 4069
14534 0 5923
15989 0 9081
11846 0 17428
12016 0 3717
3660 0 22427
11008 2 7441
4261 0 18073
3213 0 8728
2982 0 7044
7249 0 3534
17315 0 677
7851 0 13083
16156 0 21137
11753 0 4835
18669 0 5200
2935 0 20553
11975 0 16608
20280 0 2636
18498 0 18664
17325 0 17581
11361 0 556
18187 2 6333
4904 0 10961
7995 0 13085
9103 0 19541
5238 0 21434
9463 0 4835
22478 0 10503
18498 0 12299
12453 0 10292
14066 0 17951
20280 0 23256
11230 2 9260
23585 0 23256
20119 0 4835
11282 0 5705
17004 0 8947
22614 0 6527
2264 0 5115
14154 0 9870
20269 0 2636
4536 0 8017
17753 0 8017
14933 0 556
6683 0 5705
5876 0 23195
1255 0 18664
21367 0 4075
13698 0 2675
9208 0 8426
6715 0 5284
8159 0 23256
14360 0 12709
2875 0 677
2264 0 18532
1135 0 7117
5307 0 23433
9063 0 16193
1283 0 9074
10908 0 556
11604 0 736
7188 0 601
2875 0 3769
6643 0 18121
15064 0 1054
2808 0 13977
4219 0 20970
14282 0 4069
18197 0 18710
21367 0 12626
17654 0 20708
11816 0 19348
7503 0 14454
10732 0 23963
22478 0 4406
10998 0 15148
12832 0 10519
6479 0 1594
544 2 22419
17315 0 10260
2982 0 5244
10063 0 22808
2742 0 5211
4912 0 22808
4120 2 13671
5246 0 12709
8670 0 11461
2151 0 18917
22222 0 15992
2494 0 18454
23154 0 483
5485 0 4075
6140 2 8947
11816 0 2700
15873 0 19277
10588 0 1633
2151 0 19937
1984 0 8947
20334 0 22979
2742 0 24601
16318 0 3282
5246 0 10097
6425 0 15884
11816 0 1633
18152 0 746
6715 0 10260
4536 0 19541
12211 0 5244
21527 0 1379
24399 0 3769
12661 0 19493
5876 2 1734
2875 0 14201
6643 0 1361
20878 0 2636
20334 0 7955
24005 0 10262
15567 0 2675
1079 0 5289
7687 0 24634
20749 0 24601
19008 0 22400
2151 0 7785
2837 0 19493
4277 0 12299
14066 0 24592
15542 0 21888
12016 0 483
2151 0 4709
21240 0 9409
8801 0 5705
10660 2 5705
13341 0 23133
488 0 5705
5876 0 11461
14753 2 17020
22124 0 11952
8074 0 9409
7133 0 22427
1251 0 22808
4219 0 19493
23583 2 15743
18617 0 23883
3253 0 7226
8923 2 8185
9563 0 1379
12278 0 23883
6266 0 7068
24677 0 11848
15064 0 5244
22575 0 1534
21367 0 6433
4867 0 13364
8670 0 7388
4655 0 20553
8148 0 5848
7957 0 8500
5876 0 10260
18659 0 7226
2151 0 5828
13341 0 11034
7851 0 3980
6172 0 5211
14066 0 11848
4912 0 9812
8670 0 14528
14884 0 10444
19048 0 10260
6522 0 13111
14707 0 7310
16987 0 1094
13813 2 13111
3433 0 8947
23583 0 13083
7199 0 13083
5246 0 8151
9563 0 5923
17944 0 22990
5876 2 17224
20280 0 4406
10418 0 8371
17981 0 13604
912 0 22808
19918 0 5244
6052 2 18327
12016 0 8813
5102 0 4784
10063 0 8181
14360 0 5211
15910 0 7074
22478 0 16193
13897 0 19493
11271 0 9362
7851 0 3428
24005 0 18154
4111 0 15982
15873 0 14201
2151 0 23631
2875 0 21084
4111 0 4784
9247 2 23631
4867 0 5705
7464 0 7441
17247 0 13111
24573 2 6938
8801 0 10097
17315 0 4784
16768 0 19792
22162 0 5244
17404 0 3428
15408 0 7068
21611 2 22891
21744 2 10097
18187 0 12299
12748 0 14201
20334 0 22808
5367 0 23883
7292 0 13478
14410 0 19121
22168 0 19121
4314 0 5259
16987 0 10260
2151 0 5039
16831 0 4406
11604 0 20708
16964 0 14064
12947 0 7971
24005 0 1534
159 0 8706
20035 0 8930
13358 0 2984
24066 0 18664
18669 2 17568
7292 0 7044
22148 2 7226
14231 0 20824
10732 0 4907
5876 0 14201
11786 0 21354
10085 2 6333
21096 0 2534
2697 0 1313
8670 0 20987
22614 0 8776
17560 0 11174
7826 0 7971
8159 0 20824
15873 0 3078
23530 0 7044
2808 0 7785
5876 0 15669
15910 0 14064
23100 0 21084
4799 0 8711
12211 0 23302
22200 0 15050
5246 0 17917
9983 0 10030
20280 0 19255
2620 0 12299
5876 0 5332
2620 0 18917
22438 0 14454
9474 0 23883
21306 0 5244
5113 0 19255
11035 0 12299
23873 0 14064
12211 0 744
12947 0 12626
1818 0 9120
1090 0 14558
23102 0 6564
19145 0 11345
14275 0 22808
24060 0 13977
7851 0 20888
23873 0 22430
22893 0 23865
7611 0 23631
8670 0 6013
2151 0 5332
14005 0 12299
4536 0 23865
19762 0 7117
19762 0 16931
16318 0 10030
18382 0 10718
17726 0 22808
19840 0 22253
488 0 13934
1214 2 21957
10956 0 601
13813 2 12038
23154 0 1594
15364 0 9069
23558 0 10835
12492 0 1594
8421 0 23319
24677 0 23883
11400 0 5115
1007 0 5200
8932 0 9283
12445 0 5705
7464 0 2705
7914 0 13977
19840 0 1688
15250 0 16971
2237 0 22808
12211 0 8813
12453 0 3428
5808 0 20832
7957 0 7441
2620 0 20824
13368 0 22808
14290 0 6938
2385 0 601
6082 0 24023
17838 0 19707
7864 0 7429
14502 0 1064
11531 0 7677
19762 0 22808
6983 0 5807
22129 2 23883
14057 0 3768
20035 0 22216
22614 0 1594
2477 0 5848
2808 0 12245
19762 0 6938
6650 2 13977
14360 0 6405
18351 2 23883
21001 0 5289
18998 2 5244
2151 0 12299
19840 0 6416
11947 0 5231
14154 0 5705
2151 0 14454
22575 0 12299
12832 0 1534
1283 0 21061
1729 0 3952
1855 0 3983
22093 0 10260
11947 0 23319
9103 0 18664
14231 0 3151
8148 0 1298
13813 2 19541
5035 0 8181
3743 0 9812
1283 0 23335
22148 2 5211
22438 0 19277
6052 0 7441
9208 0 10694
4111 0 5923
8063 0 22891
22148 2 8426
22358 0 11908
6266 0 21084
21189 0 1094
8063 0 8238
11271 0 10260
5876 0 20238
10908 0 11952
7851 0 15050
6643 0 5211
17876 0 22808
14154 0 21084
11753 0 9870
15548 0 9409
11271 2 5332
14360 0 249
11975 0 10014
14290 0 15999
23167 0 14454
7851 0 15743
9208 0 23631
22623 0 292
10063 0 17224
15372 0 22808
6994 2 5705
11947 0 23702
13834 2 12299
6172 0 6409
12832 0 17272
11008 2 1933
488 0 22973
8670 0 17656
21877 2 4632
7611 0 8426
15569 0 5629
13698 0 8947
20398 0 5115
22981 0 9260
2151 0 9812
23167 0 14201
5246 0 20987
3755 0 5760
2982 0 23318
22614 2 17951
2620 0 10102
24677 0 12299
5102 0 23832
14753 0 7226
5246 0 23883
20119 0 9260
14231 0 3884
2861 2 14201
20280 0 7677
5035 0 1633
7851 0 18984
2982 0 5923
22093 2 5332
6810 0 18664
5485 0 18917
18259 2 12299
4536 0 18664
24712 0 5244
18617 0 23318
14037 0 22808
2837 0 23256
18669 0 22973
692 0 17778
17728 0 4406
23583 0 21602
19363 2 18144
8159 0 12038
14066 0 10260
9454 0 6546
18382 2 9511
11036 2 23883
19762 0 13604
7957 0 19493
23100 0 17224
3253 0 12299
2151 0 20110
5908 0 8426
17944 0 8017
8074 0 1064
10016 0 185
5876 0 3769
17485 0 4069
2477 0 7326
5082 0 4709
23167 0 8017
20330 0 5261
1855 0 9362
8148 0 24023
11271 0 17224
22765 0 487
488 0 726
6172 0 3380
4111 0 4406
8063 0 6237
6140 2 13604
12149 0 8017
17944 0 8181
4111 0 15269
17654 0 8624
5307 0 9419
7995 0 2636
4662 0 17778
17315 0 14201
8775 0 11740
4454 0 8878
4799 0 8017
20072 0 4069
23167 0 17568
19602 0 7785
18109 0 1594
11604 0 8947
6798 0 19255
20662 0 3428
14279 0 14454
13328 0 6044
18109 0 5289
11753 0 9260
10908 0 10718
7699 0 18664
2935 0 1594
4277 0 19121
2522 0 3594
5946 0 8017
14360 0 9419
14231 0 12299
8801 0 15743
10029 0 13604
22093 0 8947
2151 0 8711
6140 2 22253
18109 0 2976
4188 0 7986
18498 0 24577
6172 0 10694
7464 0 3380
8148 0 10292
24291 0 12871
12167 0 12864
6643 0 9409
24677 0 601
17979 0 5244
18187 2 11037
11625 0 6407
11230 2 5923
22148 2 14201
11008 2 20824
8421 0 23731
8801 0 23318
18498 0 22808
4304 0 10260
8801 0 5627
22623 0 14064
23873 0 18008
3277 0 13083
11008 2 5923
5876 0 15301
24677 0 23631
14884 0 746
1818 2 22973
19762 0 2193
3274 0 23318
23583 0 23883
6828 2 4784
12947 0 23963
19425 0 8728
23167 0 6749
1818 0 13637
14360 0 17736
23167 0 15198
5246 0 14064
23308 2 14454
16689 0 21007
9454 0 1844
18197 0 5244
2664 0 7874
2898 0 13977
2151 0 7441
7933 0 5244
4912 0 22103
7199 0 7226
5347 0 24606
10063 0 24188
16247 0 1169
2477 0 23883
18498 0 15992
21628 2 21888
18498 0 13475
8851 2 19820
4360 0 4069
2808 0 15463
15873 0 19410
20334 0 6407
4360 0 20708
22614 0 4709
14154 0 8185
10411 0 20553
21611 0 23726
22405 2 22713
11361 0 17272
17654 0 4448
11786 0 8930
15408 0 9419
12832 0 13083
16278 0 11174
10155 0 2636
23583 0 20824
7851 0 14064
2151 0 23850
4219 0 17620
22092 0 1594
12947 0 18882
14190 0 10548
6335 0 22973
7687 0 18774
13813 2 5200
1855 0 14454
4111 0 16968
7687 0 17951
4219 0 22419
3806 0 3380
18498 0 9031
18498 0 17223
3364 0 12299
7864 0 15216
2151 0 18426
11846 0 3980
5969 0 5807
1214 2 556
12278 0 4792
6747 0 15269
19762 0 14201
4772 0 21715
912 0 19537
23873 0 22253
13721 0 9409
7292 2 5244
20334 0 16012
4188 0 18917
2982 0 15269
14360 0 15148
10908 0 9409
21628 2 3093
24573 2 13475
23583 0 10102
8165 2 16301
8398 0 9812
21225 0 8813
2477 0 6433
4912 0 2675
2620 0 677
10625 0 601
15747 0 21137
18439 0 8947
3597 0 23850
7957 0 5284
9208 0 17917
22093 0 20110
21350 0 3980
7249 0 10262
13813 2 12871
1515 0 17428
8670 0 8228
16295 0 6407
8801 0 20824
12720 0 677
18439 0 12299
5876 0 10548
7995 0 10480
13813 2 12299
6082 0 24601
14057 0 15148
11694 0 20553
2808 0 3282
5876 0 13624
18669 0 6220
6172 0 14201
2151 0 13977
19840 0 1275
4111 0 1379
9208 0 1633
18498 0 24179
21127 0 18143
10016 0 8728
15910 0 17620
7699 0 7488
4799 0 17223
8074 0 15208
7699 0 12299
2935 0 4956
7249 0 13604
12487 0 7785
11282 0 20775
21306 0 17428
3597 0 14454
18439 0 4835
13368 0 667
7249 0 1534
23558 0 4907
24677 0 20824
133 0 8947
22093 0 22253
8148 0 18121
3361 0 19410
5347 0 20553
8063 0 6433
24677 0 12871
14589 0 14115
4111 0 2166
9556 0 21837
12947 0 21084
4111 0 5678
2982 0 16193
11975 0 7265
21578 0 18664
2982 0 3428
2808 0 9812
4277 2 7226
17838 0 22509
12947 0 515
9929 0 7117
22092 0 7441
6064 2 23256
4867 0 8017
13827 0 14454
6747 0 15982
21237 0 19410
14410 0 9419
5876 0 601
19679 0 12299
2264 0 8329
12016 2 22891
22438 0 24023
12016 2 23731
4277 0 1054
10996 0 9260
11753 0 11037
5876 0 22216
22092 0 16193
17655 0 16733
18439 2 11908
22092 0 3428
14154 0 14064
20334 0 23883
7059 2 5923
24615 0 17633
7851 0 10835
7957 0 15992
11400 0 4455
11604 0 21084
9208 0 1933
10908 0 23883
4454 0 20110
13994 2 6333
10303 0 10260
19840 0 10260
17960 0 7785
8063 2 23883
17323 0 19820
12016 0 8764
5238 0 12299
11400 0 726
14290 2 5244
9940 0 12299
23312 0 10835
20283 0 8947
21578 0 10260
7199 0 24725
10625 0 12299
7292 0 6407
1855 0 19228
23167 0 10338
15064 0 23963
17654 0 20827
19195 0 6527
5246 0 7226
15989 0 11487
9103 0 10260
488 0 8017
9936 0 23963
12947 0 7226
12211 0 6527
